108731211
108835388
108671556
32931_520305891_0304
108837684
108733499
108893856
108319916
32931_520305891_0305
108587343
108839948
108896134
108735851
108673858
32931_520305891_0306
108842218
108676232
108898568
108738145
32931_520305891_0307
108678660
108324683
108844574
32931_520305891_0308
108900860
108740525
108680946
32931_520305891_0309
108847060
108903256
108683266
108781944
108742857
108329279
108685586
32931_520306900_0345
108849424
108745253
108905616
108687934
32931_520306900_0346
108690238
108747669
108692572
108907928
108851640
108750057
108784262
108341278
108786564
108752327
108910260
108788858
108754763
108853974
108607821
108791124
108621675
108624041
108757049
108596526
108793500
108912474
108856430
108795878
108914772
108858908
108916922
108694872
108759367
108598756
108697266
108861142
108561374
108761703
108699520
108563544
108863462
108701802
108764055
108565868
108919376
108865744
108766285
108798210
108568250
108921600
108570596